Time Step    CTE
1 0.76
2 0.76
3 0.7595
4 0.7592
5 0.7585
6 0.7579
7 0.7573
8 0.7565
9 0.7546
10 0.7534
11 0.7521
12 0.7507
13 0.7474
14 0.7455
15 0.7435
16 0.7414
17 0.7367
18 0.7312
19 0.7283
20 0.7252
21 0.7183
22 0.7146
23 0.7067
24 0.7024
25 0.6979
26 0.6717
27 0.6657
28 0.6533
29 0.6468
30 0.6329
31 0.6177
32 0.6097
33 0.6014
34 0.5928
35 0.5746
36 0.5549
37 0.5448
38 0.5343
39 0.5128
40 0.5012
41 0.4785
42 0.4589
43 0.4522
44 0.449
45 0.4235
46 0.4117
47 0.3916
48 0.3827
49 0.3659
50 0.3576
51 0.3407
52 0.3319
53 0.3136
54 0.2941
55 0.2738
56 0.2527
57 0.2309
58 0.2198
59 0.2086
60 0.1855
61 0.1735
62 0.1496
63 0.1375
64 0.1132
65 0.1009
66 0.0887
67 0.0639
68 0.0515
69 0.027
70 0.0148
71 -0.009
72 -0.0208
73 -0.0436
74 -0.0547
75 -0.0655
76 -0.0866
77 -0.0968
78 -0.1161
79 -0.1253
80 -0.134
81 -0.1503
82 -0.158
83 -0.1717
84 -0.1778
85 -0.1884
86 -0.193
87 -0.2002
88 -0.203
89 -0.2052
90 -0.2077
91 -0.2079
92 -0.207
93 -0.2034
94 -0.2006
95 -0.1933
96 -0.1887
97 -0.1836
98 -0.1717
99 -0.1648
100 -0.1498
101 -0.1327
102 -0.1236
103 -0.1141
104 -0.094
105 -0.0725
106 -0.0614
107 -0.0501
108 -0.0269
109 -0.0151
110 0.0087
111 0.0207
112 0.0485
113 0.0648
114 0.101
115 0.1211
116 0.1424
117 0.1878
118 0.2103
119 0.2528
120 0.2731
121 0.3106
122 0.3281
123 0.3598
124 0.3742
125 0.3876
126 0.4112
127 0.4216
128 0.4387
129 0.4456
130 0.4559
131 0.4593
132 0.4625
133 0.4625
134 0.4613
135 0.4556
136 0.4511
137 0.4392
138 0.4317
139 0.4138
140 0.4035
141 0.3924
142 0.3676
143 0.3395
144 0.3244
145 0.3088
146 0.2757
147 0.2583
148 0.2226
149 0.2041
150 0.1669
151 0.148
152 0.1102
153 0.0913
154 0.0725
155 0.035
156 0.0163
157 -0.0019
158 -0.0379
159 -0.0728
160 -0.0896
161 -0.1212
162 -0.1362
163 -0.1639
164 -0.1768
165 -0.2002
166 -0.2208
167 -0.2298
168 -0.2452
169 -0.2512
170 -0.2551
171 -0.2573
172 -0.228
173 -0.2151
174 -0.2018
175 -0.1736
176 -0.1586
177 -0.1278
178 -0.1119
179 -0.0958
180 -0.0628
181 -0.0288
182 -0.0117
183 0.0221
184 0.0557
185 0.0886
186 0.1045
187 0.1349
188 0.1497
189 0.1775
190 0.1908
191 0.2267
192 0.2376
193 0.2566
194 0.2651
195 0.2797
196 0.286
197 0.2914
198 0.3003
199 0.3037
200 0.3063
201 0.3094
202 0.3096
203 0.3069
204 0.3013
205 0.2974
206 0.2879
207 0.2821
208 0.2689
209 0.2534
210 0.2449
211 0.2266
212 0.2168
213 0.1963
214 0.1855
215 0.1632
216 0.1403
217 0.1306
218 0.1228
219 0.1113
220 0.1078
221 0.1056
222 0.1059
223 0.1061
224 0.1058
225 0.1053
226 0.1039
227 0.1029
228 0.1004
229 0.099
230 0.0973
231 0.0936
232 0.0894
233 0.0846
234 0.0821
235 0.0795
236 0.074
237 0.0711
238 0.0652
239 0.0622
240 0.0561
241 0.0498
242 0.0467
243 0.0405
244 0.0374
245 0.0315
246 0.0285
247 0.0229
248 0.0201
249 0.0149
250 0.0101
251 0.0078
252 0.0036
253 0.0016
254 -0.0019
255 -0.005
256 -0.0107
257 -0.0115
258 -0.0112
259 -0.0103
260 -0.0089
261 -0.0079
262 -0.0057
263 -0.0028
264 -0.0065
265 -0.0314
266 -0.0295
267 0.0346
268 0.0591
269 0.0866
270 0.0997
271 0.1247
272 0.1366
273 0.1591
274 0.18
275 0.1896
276 0.2072
277 0.2152
278 0.2293
279 0.2412
280 0.2462
281 0.2505
282 0.2574
283 0.2619
284 0.2632
285 0.2639
286 0.2634
287 0.2605
288 0.2581
289 0.2552
290 0.2477
291 0.2431
292 0.2325
293 0.2198
294 0.2128
295 0.2055
296 0.1895
297 0.1719
298 0.1627
299 0.1437
300 0.1338
301 0.1137
302 0.1034
303 0.0828
304 0.0724
305 0.0518
306 0.0415
307 0.0214
308 0.0115
309 -0.0076
310 -0.0169
311 -0.0347
312 -0.0431
313 -0.0591
314 -0.0666
315 -0.0737
316 -0.0869
317 -0.093
318 -0.1039
319 -0.1131
320 -0.1171
321 -0.1225
322 -0.1226
323 -0.1234
324 -0.1071
325 -0.0746
326 -0.0553
327 -0.0349
328 0.0062
329 0.0267
330 0.0668
331 0.0864
332 0.1242
333 0.1426
334 0.1774
335 0.1941
336 0.2252
337 0.2398
338 0.2665
339 0.2788
340 0.3008
341 0.3106
342 0.3273
343 0.3407
344 0.346
345 0.3538
346 0.3564
347 0.358
348 0.3587
349 0.3577
350 0.3531
351 0.3495
352 0.34
353 0.334
354 0.3273
355 0.3116
356 0.3026
357 0.283
358 0.2722
359 0.2492
360 0.2369
361 0.2243
362 0.1977
363 0.1694
364 0.1548
365 0.1402
366 0.1102
367 0.095
368 0.0646
369 0.0495
370 0.0198
371 0.0114
372 -0.0278
373 -0.0448
374 -0.0527
375 -0.0635
376 -0.0687
377 -0.0681
378 -0.059
379 -0.0334
380 -0.0239
381 -0.0099
382 0.0135
383 0.0229
384 0.0315
385 0.0397
386 0.0475
387 0.0547
388 0.0615
389 0.0676
390 0.0732
391 0.0801
392 0.0838
393 0.0872
394 0.0946
395 -0.1459
396 0.1437
397 0.161
398 0.1972
399 0.2311
400 0.2619
401 0.2759
402 0.301
403 0.3122
404 0.3316
405 0.3473
406 0.3632
407 0.3663
408 0.3681
409 0.3587
410 0.3236
411 0.2796
412 0.2125
413 0.1836
414 0.1694
415 0.1405
416 0.0804
417 0.0497
418 0.0208
419 -0.0067
420 -0.0329
421 -0.0575
422 -0.0692
423 -0.0911
424 -0.1113
425 -0.1294
426 -0.1452
427 -0.1522
428 -0.1643
429 -0.1741
430 -0.1813
431 -0.186
432 -0.1881
433 -0.1882
434 -0.1866
435 -0.1826
436 -0.1764
437 -0.168
438 -0.1576
439 -0.1508
440 0.1604
441 0.0726
442 0.1686
443 0.3276
444 0.4479
445 0.5302
446 0.5623
447 0.5706
448 0.5704
449 0.563
450 0.5567
451 0.5489
452 0.5287
453 0.5164
454 0.5027
455 0.4713
456 0.4347
457 0.4148
458 0.3725
459 0.35
460 0.3033
461 0.2537
462 0.2283
463 0.1772
464 0.1536
465 0.1157
466 0.1009
467 0.0795
468 0.0591
469 0.0489
470 0.0287
471 0.0085
472 -0.0113
473 -0.0208
474 -0.0391
475 -0.065
476 -0.0809
477 -0.0949
478 -0.1071
479 -0.1125
480 -0.122
481 -0.1261
482 -0.1328
483 -0.1378
484 -0.1395
485 -0.1417
486 -0.1421
487 -0.1415
488 -0.1391
489 -0.135
490 -0.1323
491 -0.1258
492 -0.1219
493 -0.1132
494 -0.1025
495 -0.1534
496 -0.045
497 0.0605
498 0.1374
499 0.174
500 0.2438
501 0.3102
502 0.3717
503 0.4002
504 0.4525
505 0.4994
506 0.5398
507 0.573
508 0.599
509 0.6175
510 0.624
511 0.6327
512 0.6298
513 0.6198
514 0.6033
515 0.5806
516 0.567
517 0.5361
518 0.4998
519 0.4589
520 0.4143
521 0.3664
522 0.3415
523 0.2904
524 0.2094
525 0.1816
526 0.1272
527 0.0728
528 0.0458
529 -0.0069
530 -0.0587
531 -0.0839
532 -0.132
533 -0.1779
534 -0.2205
535 -0.2403
536 -0.2591
537 -0.277
538 -0.3102
539 -0.3255
540 -0.3395
541 -0.3646
542 -0.3755
543 -0.3852
544 -0.4013
545 -0.4196
546 -0.4203
547 -0.3501
548 -0.2769
549 -0.2395
550 -0.165
551 -0.1275
552 -0.0903
553 -0.0156
554 0.0217
555 0.0941
556 0.1649
557 0.1991
558 0.3243
559 0.353
560 0.4246
561 0.4448
562 0.463
563 0.4953
564 0.5094
565 0.5325
566 0.5418
567 0.5553
568 0.5596
569 0.564
570 0.5738
571 0.6095
572 0.6365
573 0.6668
574 0.7239
575 0.7493
576 0.7722
577 0.7928
578 0.8273
579 0.8411
580 0.8523
581 0.8678
582 0.8721
583 0.8739
584 0.8655
585 0.8581
586 0.8369
587 0.807
588 0.769
589 0.7473
590 0.699
591 0.6438
592 0.6141
593 0.5832
594 0.5175
595 0.4827
596 0.4111
597 0.3361
598 0.2593
599 0.1821
600 0.0674
601 0.0298
602 -0.0727
603 -0.0774
604 -0.0421
605 -0.0233
606 0.0495
607 0.0672
608 0.0998
609 0.1154
610 0.1447
611 0.1588
612 0.1849
613 0.2502
614 0.259
615 0.2721
616 0.2815
617 0.2849
618 0.2875
619 0.2904
620 0.2906
621 0.2967
622 0.3284
623 0.3511
624 0.4049
625 0.4559
626 0.5004
627 0.52
628 0.5537
629 0.568
630 0.591
631 0.6
632 0.6124
633 0.616
634 0.6179
635 0.6014
636 0.583
637 0.5715
638 0.5586
639 0.5285
640 0.5113
641 0.493
642 0.4528
643 0.4308
644 0.3845
645 0.36
646 0.3348
647 0.3089
648 0.255
649 0.2271
650 0.1707
651 0.142
652 0.0851
653 0.0565
654 0.0282
655 -0.0281
656 -0.0561
657 -0.1102
658 -0.1366
659 -0.1758
660 -0.1879
661 -0.1609
662 -0.0851
663 -0.0402
664 0.0039
665 0.0475
666 0.1332
667 0.1751
668 0.2157
669 0.2942
670 0.4047
671 0.5019
672 0.53
673 0.5787
674 0.6001
675 0.6194
676 0.6369
677 0.6525
678 0.6783
679 0.6883
680 0.6963
681 0.7064
682 0.7087
683 0.703
684 0.6972
685 0.6896
686 0.6801
687 0.6689
688 0.6559
689 0.6298
690 0.6294
691 0.6362
692 0.6419
693 0.6458
694 0.648
695 0.6464
696 0.6377
697 0.6115
698 0.5993
699 0.5708
700 0.5543
701 0.5365
702 0.5174
703 0.4969
704 0.4522
705 0.428
706 0.403
707 0.35
708 0.3221
709 0.2938
710 0.2647
711 0.2351
712 0.1741
713 0.1482
714 0.1662
715 0.1503
716 0.1594
717 0.1801
718 0.2044
719 0.2507
720 0.2724
721 0.2929
722 0.3123
723 0.3306
724 0.3478
725 0.3788
726 0.3925
727 0.4049
728 0.416
729 0.4345
730 0.4419
731 0.4479
732 0.4525
733 0.458
734 0.4584
735 0.4566
736 0.4535
737 0.4492
738 0.4369
739 0.4289
740 0.4198
741 0.4096
742 0.3859
743 0.3724
744 0.3581
745 0.3428
746 0.3095
747 0.2916
748 0.2731
749 0.2538
750 0.2339
751 0.1923
752 0.1706
753 0.1488
754 0.1265
755 0.0811
756 0.058
757 0.035
758 0.0119
759 -0.0343
760 -0.0574
761 -0.0781
762 -0.0921
763 -0.1008
764 -0.0886
765 -0.0433
766 -0.0115
767 0.0197
768 0.0504
769 0.0806
770 0.1392
771 0.1677
772 0.1949
773 0.2214
774 0.2718
775 0.2957
776 0.3182
777 0.3396
778 0.3599
779 0.3972
780 0.4141
781 0.4294
782 0.4435
783 0.4676
784 0.4777
785 0.4932
786 0.4987
787 0.5027
788 0.5065
789 0.5063
790 0.5046
791 0.4971
792 0.4912
793 0.484
794 0.4755
795 0.4546
796 0.4422
797 0.4288
798 0.4142
799 0.3985
800 0.3638
801 0.345
802 0.3254
803 0.3073
804 0.2828
805 0.2752
806 0.2743
807 0.2726
808 0.2701
809 0.2624
810 0.2573
811 0.2514
812 0.2447
813 0.2292
814 0.2203
815 0.2108
816 0.2007
817 0.19
818 0.1668
819 0.1544
820 0.1416
821 0.1284
822 0.1007
823 0.0863
824 0.0718
825 0.057
826 0.042
827 0.0115
828 -0.0039
829 -0.0192
830 -0.0488
831 -0.1297
832 -0.0709
833 -0.029
834 0.0024
835 0.0201
836 0.0598
837 0.079
838 0.0975
839 0.1154
840 0.1328
841 0.1658
842 0.1813
843 0.196
844 0.2099
845 0.2356
846 0.2472
847 0.2579
848 0.2677
849 0.2767
850 0.2919
851 0.2982
852 0.3035
853 0.3112
854 0.3136
855 0.3151
856 0.3156
857 0.3138
858 0.3115
859 0.3083
860 0.3042
861 0.2992
862 0.2865
863 0.2789
864 0.2706
865 0.2614
866 0.2408
867 0.2294
868 0.2175
869 0.2049
870 0.1778
871 0.1634
872 0.1487
873 0.1335
874 0.1019
875 0.0856
876 0.0525
877 0.0358
878 0.019
879 -0.0147
880 -0.0317
881 -0.0485
882 -0.0818
883 -0.0983
884 -0.1144
885 -0.1302
886 -0.1442
887 -0.1709
888 -0.1642
889 -0.1589
890 -0.1495
891 -0.1376
892 -0.1136
893 -0.1015
894 -0.0895
895 -0.0775
896 -0.0655
897 -0.0535
898 -0.0416
899 -0.0298
900 -0.0182
901 0.0047
902 0.0159
903 0.0268
904 0.0374
905 0.0477
906 0.0577
907 0.0675
908 0.0859
909 0.0946
910 0.1028
911 0.1105
912 0.1178
913 0.1311
914 0.1371
915 0.1424
916 0.1473
917 0.1516
918 0.1554
919 0.1587
920 0.1636
921 0.1652
922 0.1663
923 0.1668
924 0.1668
925 0.1662
926 0.1633
927 0.1611
928 0.1583
929 0.155
930 0.1513
931 0.1675
932 0.1775
933 0.1745
934 0.1821
935 0.1946
936 0.2088
937 0.2357
938 0.248
939 0.2592
940 0.2695
941 0.2788
942 0.2948
943 0.3014
944 0.3069
945 0.3115
946 0.3151
947 0.3177
948 0.3193
949 0.3197
950 0.3184
951 0.3161
952 0.3129
953 0.3088
954 0.3037
955 0.2909
956 0.2831
957 0.2746
958 0.2652
959 0.2551
960 0.2442
961 0.2326
962 0.2072
963 0.1935
964 0.1793
965 0.1646
966 0.1494
967 0.0664
968 0.0302
969 0.0126
970 -0.0222
971 -0.0396
972 -0.0568
973 -0.0908
974 -0.1077
975 -0.1241
976 -0.1403
977 -0.1718
978 -0.1871
979 -0.2017
980 -0.2297
981 -0.243
982 -0.2556
983 -0.2676
984 -0.279
985 -0.3
986 -0.3095
987 -0.3182
988 -0.3261
989 -0.3333
990 -0.3456
991 -0.3505
992 -0.3546
993 -0.358
994 -0.3556
995 -0.3541
996 -0.3603
997 -0.3154
998 -0.295
999 -0.2751
1000 -0.2544
1001 -0.21
1002 -0.1871
1003 -0.1642
1004 -0.1412
1005 -0.0949
1006 -0.0716
1007 -0.0487
1008 -0.0259
1009 -0.0032
1010 0.0192
1011 0.0631
1012 0.0846
1013 0.1054
1014 0.1257
1015 0.1454
1016 0.1646
1017 0.201
1018 0.2182
1019 0.2344
1020 0.2498
1021 0.2643
1022 0.2908
1023 0.3028
1024 0.3135
1025 0.3233
1026 0.3399
1027 0.3467
1028 0.3523
1029 0.3568
1030 0.3603
1031 0.364
1032 0.3643
1033 0.3634
1034 0.3615
1035 0.3585
1036 0.3494
1037 0.3433
1038 0.3362
1039 0.3281
1040 0.3191
1041 0.3092
1042 0.2984
1043 0.2741
1044 0.2607
1045 0.2467
1046 0.232
1047 0.2165
1048 0.1837
1049 0.1664
1050 0.1487
1051 0.1306
1052 0.1121
1053 0.074
1054 0.0544
1055 0.0348
1056 0.0151
1057 -0.0047
1058 -0.0246
1059 -0.0644
1060 -0.0843
1061 -0.1038
1062 -0.123
1063 -0.1609
1064 -0.1794
1065 -0.1973
1066 -0.2147
1067 -0.2317
1068 -0.2642
1069 -0.2796
1070 -0.2941
1071 -0.308
1072 -0.3212
1073 -0.3454
1074 -0.3564
1075 -0.3664
1076 -0.3756
1077 -0.3839
1078 -0.3914
1079 -0.4036
1080 -0.4084
1081 -0.4121
1082 -0.4149
1083 -0.4168
1084 -0.4178
1085 -0.4169
1086 -0.415
1087 -0.4122
1088 -0.4085
1089 -0.404
1090 -0.3921
1091 -0.3832
1092 -0.3706
1093 -0.3709
1094 -0.4129
1095 -0.5192
1096 -0.6914
1097 -0.626
1098 -0.542
1099 -0.4633
1100 0.391
1101 0.2725
1102 0.2322
1103 0.2109
1104 0.3068
1105 0.5012
1106 0.6855
1107 0.7927
1108 0.8437
1109 0.8931
1110 0.9141
1111 0.9148
1112 0.9077
1113 0.8896
1114 0.8767
1115 0.8006
1116 0.7756
1117 0.7492
1118 0.7207
1119 0.6902
1120 0.6237
1121 0.5877
1122 0.5507
1123 0.5121
1124 0.431
1125 0.3886
1126 0.3457
1127 0.302
1128 0.2575
1129 0.1666
1130 0.1203
1131 0.0744
1132 0.0284
1133 -0.0177
1134 -0.0637
1135 -0.1094
1136 -0.2
1137 -0.2446
1138 -0.2879
1139 -0.3304
1140 -0.372
1141 -0.4127
1142 -0.4522
1143 -0.5278
1144 -0.5636
1145 -0.5975
1146 -0.6298
1147 -0.6895
1148 -0.7168
1149 -0.7419
1150 -0.7651
1151 -0.7863
1152 -0.8056
1153 -0.838
1154 -0.8511
1155 -0.8619
1156 -0.8705
1157 -0.877
1158 -0.8835
1159 -0.8835
1160 -0.8813
1161 -0.8704
1162 -0.8618
1163 -0.8512
1164 -0.8386
1165 -0.824
1166 -0.789
1167 -0.7686
1168 -0.7467
1169 -0.7231
1170 -0.6978
1171 -0.6426
1172 -0.6127
1173 -0.5818
1174 -0.5163
1175 -0.4818
1176 -0.4468
1177 -0.374
1178 -0.3365
1179 -0.2988
1180 -0.2607
1181 -0.2221
1182 -0.1442
1183 -0.1049
1184 -0.0661
1185 0.0109
1186 0.0492
1187 0.1228
1188 0.1586
1189 0.1932
1190 0.227
1191 0.2921
1192 0.3232
1193 0.3528
1194 0.3812
1195 0.4084
1196 0.4589
1197 0.4821
1198 0.5035
1199 0.5233
1200 0.5584
1201 0.5735
1202 0.5867
1203 0.5982
1204 0.616
1205 0.6224
1206 0.6268
1207 0.6295
1208 0.6295
1209 0.6269
1210 0.6225
1211 0.6165
1212 0.5992
1213 0.5881
1214 0.5755
1215 0.5613
1216 0.5284
1217 0.5097
1218 0.4899
1219 0.4687
1220 0.4226
1221 0.3978
1222 0.3721
1223 0.3455
1224 0.2895
1225 0.2603
1226 0.2307
1227 0.2005
1228 0.1385
1229 0.1068
1230 0.0753
1231 0.0436
1232 -0.0202
1233 -0.0522
1234 -0.0836
1235 -0.1457
1236 -0.1763
1237 -0.2061
1238 -0.2641
1239 -0.2921
1240 -0.3448
1241 -0.3698
1242 -0.3934
1243 -0.4161
1244 -0.4377
1245 -0.4776
1246 -0.4958
1247 -0.5277
1248 -0.5416
1249 -0.5539
1250 -0.5744
1251 -0.5826
1252 -0.5892
1253 -0.598
1254 -0.6003
1255 -0.601
1256 -0.6003
1257 -0.5946
1258 -0.5896
1259 -0.5833
1260 -0.5664
1261 -0.556
1262 -0.5444
1263 -0.5315
1264 -0.5021
1265 -0.4857
1266 -0.4683
1267 -0.4305
1268 -0.4101
1269 -0.3891
1270 -0.3446
1271 -0.3213
1272 -0.2975
1273 -0.2484
1274 -0.2231
1275 -0.1977
1276 -0.1461
1277 -0.1199
1278 -0.0683
1279 -0.0426
1280 -0.0173
1281 0.0326
1282 0.0572
1283 0.0812
1284 0.1277
1285 0.1503
1286 0.1927
1287 0.2127
1288 0.2497
1289 0.2669
1290 0.2829
1291 0.3122
1292 0.3254
1293 0.3481
1294 0.3578
1295 0.3734
1296 0.3794
1297 0.3843
1298 0.3904
1299 0.3918
1300 0.3909
1301 0.3887
1302 0.3809
1303 0.3754
1304 0.3611
1305 0.3524
1306 0.3427
1307 0.3206
1308 0.308
1309 0.2807
1310 0.2502
1311 0.2339
1312 0.2172
1313 0.1819
1314 0.1633
1315 0.1255
1316 0.106
1317 0.0669
1318 0.0471
1319 0.0077
1320 -0.0121
1321 -0.0508
1322 -0.0699
1323 -0.107
1324 -0.1251
1325 -0.1597
1326 -0.1764
1327 -0.1924
1328 -0.223
1329 -0.2375
1330 -0.2642
1331 -0.2766
1332 -0.2988
1333 -0.3087
1334 -0.326
1335 -0.3334
1336 -0.3472
1337 -0.355
1338 -0.3766
1339 -0.3926
1340 -0.4398
1341 -0.5122
1342 -0.5587
1343 -0.672
1344 -0.7389
1345 -0.8123
1346 -0.4293
1347 -0.2145
1348 -0.175
1349 -0.1458
1350 -0.0865
1351 -0.0566
1352 0.0025
1353 0.0319
1354 0.0889
1355 0.1168
1356 0.144
1357 0.1968
1358 0.2223
1359 0.2702
1360 0.2928
1361 0.3343
1362 0.3716
1363 0.3883
1364 0.4037
1365 0.4307
1366 0.4424
1367 0.4613
1368 0.4687
1369 0.479
1370 0.482
1371 0.4837
1372 0.4824
1373 0.4757
1374 0.4702
1375 0.4555
1376 0.4462
1377 0.4241
1378 0.4112
1379 0.3825
1380 0.3665
1381 0.3497
1382 0.3132
1383 0.2935
1384 0.2525
1385 0.231
1386 0.1868
1387 0.1406
1388 0.1171
1389 0.0936
1390 0.0457
1391 0.0215
1392 -0.0263
1393 -0.0501
1394 -0.0977
1395 -0.1216
1396 -0.1678
1397 -0.1899
1398 -0.2307
1399 -0.25
1400 -0.2854
1401 -0.3019
1402 -0.3316
1403 -0.3446
1404 -0.3682
1405 -0.3788
1406 -0.3967
1407 -0.4043
1408 -0.4162
1409 -0.4206
1410 -0.4262
1411 -0.4275
1412 -0.4268
1413 -0.425
1414 -0.4179
1415 -0.4116
1416 -0.398
1417 -0.3953
1418 -0.3656
1419 -0.3054
1420 -0.2721
1421 -0.2029
1422 -0.168
1423 -0.0993
1424 -0.0651
1425 -0.0315
1426 0.0349
1427 0.1
1428 0.1315
1429 0.162
1430 0.2207
1431 0.2489
1432 0.3014
1433 0.326
1434 0.3708
1435 0.3913
1436 0.4102
1437 0.4442
1438 0.4728
1439 0.4848
1440 0.5038
1441 0.511
1442 0.5165
1443 0.5231
1444 0.5241
1445 0.5214
1446 0.5178
1447 0.5062
1448 0.4982
1449 0.4782
1450 0.4662
1451 0.4386
1452 0.4229
1453 0.3886
1454 0.3699
1455 0.3299
1456 0.3086
1457 0.2642
1458 0.241
1459 0.2179
1460 0.1818
1461 0.1602
1462 0.1553
1463 0.1546
1464 0.1546
1465 0.1528
1466 0.1511
1467 0.146
1468 0.1426
1469 0.1345
1470 0.1297
1471 0.1188
1472 0.1127
1473 0.0995
1474 0.0923
1475 0.0771
1476 0.0691
1477 0.0524
1478 0.0437
1479 0.026
1480 0.0169
1481 -0.0013
1482 -0.02
1483 -0.0293
1484 -0.0477
1485 -0.0568
1486 -0.0657
1487 -0.0834
1488 -0.092
1489 -0.1086
1490 -0.1167
1491 -0.1317
1492 -0.1389
1493 -0.1522
1494 -0.1583
1495 -0.1641
1496 -0.1747
1497 -0.1795
1498 -0.1878
1499 -0.1914
1500 -0.1972
1501 -0.1995
1502 -0.2014
1503 -0.2029
1504 -0.2098
1505 -0.1583
1506 -0.1238
1507 -0.0556
1508 -0.0218
1509 0.0111
1510 0.0758
1511 0.1075
1512 0.1381
1513 0.1973
1514 0.2257
1515 0.2788
1516 0.3036
1517 0.3271
1518 0.3707
1519 0.3907
1520 0.426
1521 0.4416
1522 0.4555
1523 0.4792
1524 0.4889
1525 0.5204
1526 0.5508
1527 0.5968
1528 0.7078
1529 0.8141
1530 0.8627
1531 0.9077
1532 0.9889
1533 1.025
1534 1.0861
1535 1.1116
1536 1.1333
1537 1.1669
1538 1.1871
1539 1.1919
1540 1.1931
1541 1.1856
1542 1.1769
1543 1.1649
1544 1.1315
1545 1.1101
1546 1.059
1547 1.0293
1548 0.9626
1549 0.9255
1550 0.8454
1551 0.8022
1552 0.7113
1553 0.6633
1554 0.5739
1555 0.571
1556 0.5962
1557 0.6067
1558 0.6215
1559 0.6259
1560 0.6282
1561 0.6287
1562 0.6242
1563 0.6191
1564 0.6037
1565 0.5934
1566 0.5679
1567 0.5528
1568 0.5182
1569 0.4988
1570 0.4781
1571 0.4328
1572 0.4122
1573 0.4512
1574 0.5714
1575 0.6375
1576 0.7005
1577 0.7607
1578 0.8731
1579 0.925
1580 1.0172
1581 1.0583
1582 1.0953
1583 1.1593
1584 1.2095
1585 1.2289
1586 1.2443
1587 1.2643
1588 1.2689
1589 1.2697
1590 1.2607
1591 1.2509
1592 1.2377
1593 1.201
1594 1.1777
1595 1.1221
1596 1.0897
1597 1.0173
1598 0.9771
1599 0.9387
1600 0.9124
1601 0.8928
1602 0.9036
1603 0.9261
1604 0.9333
1605 0.9374
1606 0.9372
1607 0.9329
1608 0.9258
1609 0.9055
1610 0.892
1611 0.876
1612 0.836
1613 0.8122
1614 0.7862
1615 0.7275
1616 0.6948
1617 0.6605
1618 0.5864
1619 0.5466
1620 0.5058
1621 0.42
1622 0.3752
1623 0.2926
1624 0.2692
1625 0.2614
1626 0.2725
1627 0.2791
1628 0.2844
1629 0.2915
1630 0.2934
1631 0.294
1632 0.2919
1633 0.2892
1634 0.2807
1635 0.2748
1636 0.268
1637 0.2515
1638 0.2418
1639 0.2313
1640 0.22
1641 0.1949
1642 0.1811
1643 0.1668
1644 0.1362
1645 0.12
1646 0.1034
1647 0.0687
1648 0.0507
1649 0.0326
1650 -0.0046
1651 -0.0236
1652 -0.0613
1653 -0.0761
1654 -0.0766
1655 -0.0341
1656 0.0037
1657 0.0412
1658 0.1141
1659 0.1493
1660 0.183
1661 0.2472
1662 0.2776
1663 0.3064
1664 0.3339
1665 0.36
1666 0.4081
1667 0.4299
1668 0.4499
1669 0.485
1670 0.5002
1671 0.5134
1672 0.5347
1673 0.5428
1674 0.5532
1675 0.5557
1676 0.5563
1677 0.5524
1678 0.5477
1679 0.5414
1680 0.5238
1681 0.5125
1682 0.4854
1683 0.4695
1684 0.4524
1685 0.4355
1686 0.4196
1687 0.3912
1688 0.3777
1689 0.3632
1690 0.3474
1691 0.3125
1692 0.2933
1693 0.2525
1694 0.2308
1695 0.2085
1696 0.1855
1697 0.1373
1698 0.1122
1699 0.0615
1700 0.0356
1701 0.0098
1702 -0.0162
1703 -0.0424
1704 -0.0951
1705 -0.1215
1706 -0.1474
1707 -0.1731
1708 -0.2239
1709 -0.2488
1710 -0.2729
1711 -0.2965
1712 -0.3196
1713 -0.3639
1714 -0.385
1715 -0.4051
1716 -0.4244
1717 -0.4603
1718 -0.4769
1719 -0.4857
1720 0.5093
1721 0.481
1722 0.453
1723 -0.4313
1724 -0.4128
1725 -0.3685
1726 -0.3439
1727 -0.2689
1728 -0.2431
1729 -0.2178
1730 -0.1925
1731 -0.167
1732 -0.1162
1733 -0.0908
1734 -0.0659
1735 -0.0413
1736 0.0069
1737 0.0305
1738 0.0533
1739 0.0756
1740 0.1184
1741 0.1388
1742 0.1582
1743 0.1768
1744 0.2115
1745 0.2275
1746 0.2424
1747 0.2562
1748 0.2809
1749 0.2917
1750 0.3012
1751 0.3096
1752 0.323
1753 0.3279
1754 0.3317
1755 0.3342
1756 0.3356
1757 0.3358
1758 0.3326
1759 0.3293
1760 0.3249
1761 0.3193
1762 0.3049
1763 0.296
1764 0.2862
1765 0.2754
1766 0.2635
1767 0.2508
1768 0.2226
1769 0.2072
1770 0.1911
1771 0.1743
1772 0.1387
1773 0.1198
1774 0.1007
1775 0.081
1776 0.0609
1777 0.0404
1778 -0.0017
1779 -0.0231
1780 -0.0445
1781 -0.066
1782 -0.0876
1783 -0.1307
1784 -0.1522
1785 -0.1733
1786 -0.1942
1787 -0.2148
1788 -0.255
1789 -0.2746
1790 -0.2935
1791 -0.3118
1792 -0.3296
1793 -0.3468
1794 -0.3792
1795 -0.3944
1796 -0.4086
1797 -0.4221
1798 -0.4347
1799 -0.4464
1800 -0.4573
1801 -0.4763
1802 -0.4844
1803 -0.4914
1804 -0.4975
1805 -0.5025
1806 -0.5096
1807 -0.5116
1808 -0.5125
1809 -0.5125
1810 -0.5093
1811 -0.5062
1812 -0.5021
1813 -0.497
1814 -0.491
1815 -0.484
1816 -0.4761
1817 -0.4576
1818 -0.4471
1819 -0.4358
1820 -0.4237
1821 -0.4108
1822 -0.3835
1823 -0.3702
1824 -0.3585
1825 -0.3443
1826 -0.3201
1827 -0.2986
1828 -0.2586
1829 -0.2384
1830 -0.2182
1831 -0.1977
1832 -0.1771
1833 -0.1564
1834 -0.1357
1835 -0.0942
1836 -0.0736
1837 -0.0534
1838 -0.0334
1839 -0.0137
1840 0.0057
1841 0.0247
1842 0.0616
1843 0.0793
1844 0.0962
1845 0.1126
1846 0.1283
1847 0.1578
1848 0.1715
1849 0.1842
1850 0.1961
1851 0.2072
1852 0.2175
1853 0.2269
1854 0.2354
1855 0.2496
1856 0.2553
1857 0.26
1858 0.2637
1859 0.2664
1860 0.2682
1861 0.2689
1862 0.2676
1863 0.2655
1864 0.2624
1865 0.2583
1866 0.2534
1867 0.2475
1868 0.2407
1869 0.2331
1870 0.2246
1871 0.2051
1872 0.1941
1873 0.1825
1874 0.1701
1875 0.1571
1876 0.1434
1877 0.1292
1878 0.1143
1879 0.083
1880 0.0666
1881 0.05
1882 0.033
1883 0.0157
1884 -0.0019
1885 -0.0197
1886 -0.0377
1887 -0.0741
1888 -0.0925
1889 -0.1106
1890 -0.1286
1891 -0.1466
1892 -0.1644
1893 -0.1821
1894 -0.2166
1895 -0.2335
1896 -0.2498
1897 -0.2657
1898 -0.2811
1899 -0.2961
1900 -0.3105
1901 -0.3377
1902 -0.3504
1903 -0.3624
1904 -0.3736
1905 -0.3841
1906 -0.3939
1907 -0.4029
1908 -0.4117
1909 -0.4368
1910 -0.4603
1911 -0.4974
1912 -0.4944
1913 -0.5127
1914 -0.5531
1915 -0.5923
1916 -0.6299
1917 -0.7002
1918 -0.7327
1919 -0.7629
1920 -0.7912
1921 -0.8175
1922 -0.8418
1923 -0.8641
1924 -0.9022
1925 -0.9022
1926 -0.9307
1927 -0.9418
1928 -0.9504
1929 -0.9567
1930 -0.9608
1931 -0.9626
1932 -0.9622
1933 -0.9546
1934 -0.9382
1935 -0.9267
1936 -0.9132
1937 -0.8977
1938 -0.8802
1939 -0.8607
1940 -0.8395
1941 -0.8228
1942 -0.8302
1943 -0.8588
1944 -0.8858
1945 -0.9105
1946 -0.9327
1947 -0.9524
1948 -0.9697
1949 -0.9845
1950 -0.9968
1951 -1.0066
1952 -1.0186
1953 -1.0208
1954 -1.0205
1955 -1.0177
1956 -1.0125
1957 -1.0049
1958 -0.9949
1959 -0.984
1960 -0.9591
1961 -0.9439
1962 -0.9265
1963 -0.9071
1964 -0.8856
1965 -0.8621
1966 -0.8367
1967 -0.8095
1968 -0.7805
1969 -0.7174
1970 -0.7174
1971 -0.6495
1972 -0.6133
1973 -0.5763
1974 -0.5382
1975 -0.4991
1976 -0.4591
1977 -0.4182
1978 -0.3767
1979 -0.3346
1980 -0.292
1981 -0.249
1982 -0.2104
1983 -0.2354
1984 -0.2803
1985 -0.3248
1986 -0.368
1987 -0.41
1988 -0.4506
1989 -0.5276
1990 -0.5639
1991 -0.598
1992 -0.6304
1993 -0.6611
1994 -0.6899
1995 -0.717
1996 -0.7421
1997 -0.7878
1998 -0.8081
1999 -0.8259
2000 -0.8414
2001 -0.8548
2002 -0.8659
2003 -0.8749
2004 -0.8816
2005 -0.8897
2006 -1.0425
2007 -0.9484
2008 -1.0071
2009 -1.0791
2010 -1.1564
2011 -1.2302
2012 -1.3003
2013 -1.3666
2014 -1.4288
2015 -1.5412
2016 -1.5911
2017 -1.6358
2018 -1.676
2019 -1.7117
2020 -1.7428
2021 -1.7692
2022 -1.7909
2023 -1.808
2024 -1.8204
2025 -1.831
2026 -1.8293
2027 -1.8228
2028 -1.8118
2029 -1.7963
2030 -1.7764
2031 -1.7234
2032 -1.6904
2033 -1.6538
2034 -1.621
2035 -1.6079
2036 -1.5929
2037 -1.6011
2038 -1.6215
2039 -1.6411
2040 -1.6668
2041 -1.6729
2042 -1.6743
2043 -1.6714
2044 -1.6641
2045 -1.6367
2046 -1.6167
2047 -1.5927
2048 -1.5648
2049 -1.5331
2050 -1.4585
2051 -1.4157
2052 -1.37
2053 -1.3211
2054 -1.2691
2055 -1.1566
2056 -1.0961
2057 -1.0341
2058 -0.9698
2059 -0.9035
2060 -0.7652
2061 -0.6935
2062 -0.6214
2063 -0.5483
2064 -0.3992
2065 -0.3235
2066 -0.2485
2067 -0.1121
2068 -0.0573
2069 -0.0141
2070 0.0241
2071 0.1373
2072 0.1744
2073 0.2099
2074 0.2786
2075 0.3118
2076 0.3436
2077 0.404
2078 0.4326
2079 0.4594
2080 0.485
2081 0.5318
2082 0.5531
2083 0.5725
2084 0.5902
2085 0.6064
2086 0.6336
2087 0.6447
2088 0.6538
2089 0.6611
2090 0.6705
2091 0.6724
2092 0.6726
2093 0.6673
2094 0.65
2095 0.5824
2096 0.5431
2097 0.503
2098 0.4619
2099 0.3767
2100 0.3328
2101 0.2889
2102 0.2443
2103 0.1541
2104 0.1084
2105 0.0633
2106 -0.0268
2107 -0.0717
2108 -0.1155
2109 -0.1589
2110 -0.244
2111 -0.2855
2112 -0.3256
2113 -0.3646
2114 -0.4026
2115 -0.475
2116 -0.5093
2117 -0.5721
2118 -0.601
2119 -0.6279
2120 -0.6607
2121 -0.7222
2122 -0.7539
2123 -0.7852
2124 -0.8426
2125 -0.8679
2126 -0.8904
2127 -0.9104
2128 -0.9432
2129 -0.9558
2130 -0.9657
2131 -0.9778
2132 -0.98
2133 -0.971
2134 -0.9629
2135 -0.9524
2136 -0.9395
2137 -0.9066
2138 -0.8867
2139 -0.8647
2140 -0.8145
2141 -0.7863
2142 -0.7565
2143 -0.7249
2144 -0.6566
2145 -0.62
2146 -0.5438
2147 -0.504
2148 -0.4635
2149 -0.4221
2150 -0.3366
2151 -0.2927
2152 -0.2488
2153 -0.1598
2154 -0.1149
2155 -0.0704
2156 0.0182
2157 0.0623
2158 0.1055
2159 0.1481
2160 0.2315
2161 0.2722
2162 0.3114
2163 0.3496
2164 0.4228
2165 0.4575
2166 0.4905
2167 0.5519
2168 0.5803
2169 0.6306
2170 0.6524
2171 0.6718
2172 0.6888
2173 0.7161
2174 0.7264
2175 0.7346
2176 0.7449
2177 0.7471
2178 0.7471
2179 0.7413
2180 0.7354
2181 0.7275
2182 0.7062
2183 0.6927
2184 0.6776
2185 0.6608
2186 0.6221
2187 0.6003
2188 0.5531
2189 0.5274
2190 0.5008
2191 0.473
2192 0.4441
2193 0.3832
2194 0.3513
2195 0.319
2196 0.2523
2197 0.218
2198 0.1838
2199 0.1491
2200 0.0791
2201 0.0439
2202 0.0091
2203 -0.0602
2204 -0.0946
2205 -0.1281
2206 -0.1938
2207 -0.2259
2208 -0.2568
2209 -0.3164
2210 -0.3449
2211 -0.372
2212 -0.4231
2213 -0.447
2214 -0.4693
2215 -0.4903
2216 -0.5284
2217 -0.5453
2218 -0.558
2219 -0.5683
2220 -0.5778
2221 -0.5714
2222 -0.5647
2223 -0.5468
2224 -0.5352
2225 -0.5224
2226 -0.5084
2227 -0.4767
2228 -0.4592
2229 -0.4407
2230 -0.4007
2231 -0.3792
2232 -0.3571
2233 -0.3105
2234 -0.2861
2235 -0.2614
2236 -0.2103
2237 -0.184
2238 -0.1577
2239 -0.1043
2240 -0.0773
2241 -0.0506
2242 -0.0238
2243 0.0294
2244 0.0559
2245 0.1069
2246 0.1317
2247 0.1557
2248 0.2021
2249 0.2244
2250 0.2457
2251 0.2861
2252 0.3051
2253 0.3229
2254 0.3557
2255 0.3707
2256 0.3843
2257 0.4085
2258 0.4189
2259 0.4279
2260 0.4359
2261 0.4481
2262 0.4525
2263 0.4555
2264 0.4579
2265 0.4573
2266 0.4554
2267 0.4481
2268 0.4427
2269 0.4361
2270 0.4196
2271 0.4097
2272 0.3988
2273 0.374
2274 0.3601
2275 0.3454
2276 0.3298
2277 0.2963
2278 0.2783
2279 0.2599
2280 0.221
2281 0.2008
2282 0.1802
2283 0.1379
2284 0.1162
2285 0.0727
2286 0.0509
2287 0.0292
2288 -0.0142
2289 -0.0358
2290 -0.0571
2291 -0.0781
2292 -0.1194
2293 -0.1396
2294 -0.1587
2295 -0.1975
2296 -0.2258
2297 0.2663
2298 -0.191
2299 -0.1694
2300 -0.1428
2301 -0.1162
2302 -0.0627
2303 -0.036
2304 -0.0097
2305 0.0421
2306 0.0677
2307 0.0925
2308 0.1409
2309 0.1644
2310 0.187
2311 0.2089
2312 0.2507
2313 0.2705
2314 0.2891
2315 0.3238
2316 0.3398
2317 0.3545
2318 0.3809
2319 0.3925
2320 0.4028
2321 0.42
2322 0.4269
2323 0.4325
2324 0.4401
2325 0.4421
2326 0.4428
2327 0.4407
2328 0.4379
2329 0.4287
2330 0.4236
2331 0.4305
2332 0.4653
2333 0.4953
2334 0.5307
2335 0.6065
2336 0.6418
2337 0.7047
2338 0.7327
2339 0.7581
2340 0.802
2341 0.8206
2342 0.8497
2343 0.8605
2344 0.8686
2345 0.8777
2346 0.8787
2347 0.8771
2348 0.8669
2349 0.8582
2350 0.8342
2351 0.8189
2352 0.8015
2353 0.7605
2354 0.7369
2355 0.6848
2356 0.6562
2357 0.6261
2358 0.5615
2359 0.5269
2360 0.4915
2361 0.4171
2362 0.3782
2363 0.2993
2364 0.2589
2365 0.2185
2366 0.1364
2367 0.0949
2368 0.013
2369 -0.0277
2370 -0.1067
2371 -0.1455
2372 -0.1832
2373 -0.2569
2374 -0.2927
2375 -0.316
2376 -0.3011
2377 -0.1588
2378 -0.0698
2379 0.0275
2380 0.2209
2381 0.3159
2382 0.4972
2383 0.5845
2384 0.6684
2385 0.8291
2386 0.9056
2387 1.0466
2388 1.1119
2389 1.2293
2390 1.2822
2391 1.3305
2392 1.4154
2393 1.4519
2394 1.5107
2395 1.5334
2396 1.5646
2397 1.5735
2398 1.5776
2399 1.5731
2400 1.5511
2401 1.5122
2402 1.4573
2403 1.4242
2404 1.3479
2405 1.3047
2406 1.2585
2407 1.157
2408 1.1017
2409 0.9872
2410 0.9273
2411 0.8028
2412 0.7376
2413 0.6714
2414 0.5345
2415 0.4639
2416 0.3933
2417 0.2497
2418 0.177
2419 0.0339
2420 -0.0372
2421 -0.1069
2422 -0.2448
2423 -0.3128
2424 -0.4426
2425 -0.5052
2426 -0.5636
2427 -0.6275
2428 -0.6153
2429 -0.5637
2430 -0.4111
2431 -0.3217
2432 -0.146
2433 -0.0592
2434 0.0257
2435 0.1928
2436 0.2748
2437 0.4311
2438 0.5062
2439 0.5783
2440 0.6483
2441 0.7814
2442 0.8444
2443 0.9593
2444 1.012
2445 1.0606
2446 1.1483
2447 1.1872
2448 1.2219
2449 1.2807
2450 1.3046
2451 1.3398
2452 1.3516
2453 1.3593
2454 1.3633
2455 1.3597
2456 1.3411
2457 1.3262
2458 1.3078
2459 1.2607
2460 1.232
2461 1.1656
2462 1.1278
2463 1.0447
2464 0.9992
2465 0.9517
2466 0.8495
2467 0.7951
2468 0.6824
2469 0.6238
2470 0.5644
2471 0.5037
2472 0.379
2473 0.3151
2474 0.1881
2475 0.1243
2476 0.0613
2477 -0.0647
2478 -0.1275
2479 -0.2488
2480 -0.3081
2481 -0.3632
2482 -0.4603
2483 -0.4801
2484 -0.4952
2485 -0.4822
2486 -0.4716
2487 -0.4602
2488 -0.4348
2489 -0.4209
2490 -0.4063
2491 -0.375
2492 -0.3582
2493 -0.3234
2494 -0.3052
2495 -0.2867
2496 -0.2483
2497 -0.2285
2498 -0.1887
2499 -0.1685
2500 -0.1484
2501 -0.108
2502 -0.0877
2503 -0.048
2504 -0.0284
2505 -0.0093
2506 0.0281
2507 0.0464
2508 0.081
2509 0.0975
2510 0.1133
2511 0.1432
2512 0.1572
2513 0.1704
2514 0.1947
2515 0.212
2516 0.2519
2517 0.3311
2518 0.3853
2519 0.4442
2520 0.5661
2521 0.6244
2522 0.6796
2523 0.7826
2524 0.8303
2525 0.8746
2526 0.9547
2527 0.9904
2528 1.0225
2529 1.0515
2530 1.1001
2531 1.1196
2532 1.1354
2533 1.1571
2534 1.1629
2535 1.1653
2536 1.1602
2537 1.1528
2538 1.1421
2539 1.1114
2540 1.0914
2541 1.0686
2542 1.0145
2543 0.9832
2544 0.9497
2545 0.8751
2546 0.8342
2547 0.7917
2548 0.7471
2549 0.6521
2550 0.6019
2551 0.4989
2552 0.4457
2553 0.392
2554 0.3374
2555 0.282
2556 0.1692
2557 0.112
2558 -0.0007
2559 -0.0567
2560 -0.1118
2561 -0.1664
2562 -0.2743
2563 -0.3274
2564 -0.3788
2565 -0.4785
2566 -0.5266
2567 -0.5727
2568 -0.6172
2569 -0.7016
2570 -0.7391
2571 -0.7797
2572 -0.7838
2573 -0.7701
2574 -0.7168
2575 -0.6793
2576 -0.6407
2577 -0.5601
2578 -0.5182
2579 -0.4761
2580 -0.3897
2581 -0.3456
2582 -0.3017
2583 -0.213
2584 -0.1683
2585 -0.1243
2586 -0.0367
2587 0.0067
2588 0.0903
2589 0.1309
2590 0.1702
2591 0.2086
2592 0.2824
2593 0.3178
2594 0.3514
2595 0.4147
2596 0.4442
2597 0.4974
2598 0.5213
2599 0.5432
2600 0.5816
2601 0.5981
2602 0.6124
2603 0.6353
2604 0.6439
2605 0.6503
2606 0.6573
2607 0.6578
2608 0.6528
2609 0.6473
2610 0.64
2611 0.6196
2612 0.6067
2613 0.5758
2614 0.5579
2615 0.5384
2616 0.5175
2617 0.4711
2618 0.4457
2619 0.3919
2620 0.3633
2621 0.3339
2622 0.2724
2623 0.2403
2624 0.2078
2625 0.1409
2626 0.1067
2627 0.0725
2628 0.0041
2629 -0.0246
2630 -0.0634
2631 -0.0652
2632 -0.0635
2633 -0.0543
2634 -0.0155
2635 0.0063
2636 0.0272
2637 0.0676
2638 0.0869
2639 0.1052
2640 0.1399
2641 0.1562
2642 0.1858
2643 0.1992
2644 0.2115
2645 0.2336
2646 0.2433
2647 0.2593
2648 0.2658
2649 0.2711
2650 0.2789
2651 0.2812
2652 0.2825
2653 0.2821
2654 0.2803
2655 0.2739
2656 0.2691
2657 0.2635
2658 0.2495
2659 0.2411
2660 0.232
2661 0.2112
2662 0.1996
2663 0.1745
2664 0.1609
2665 0.1469
2666 0.1171
2667 0.1013
2668 0.069
2669 0.0523
2670 0.0184
2671 0.0012
2672 -0.0161
2673 -0.0509
2674 -0.0685
2675 -0.0859
2676 -0.1206
2677 -0.1378
2678 -0.1547
2679 -0.1877
2680 -0.2038
2681 -0.2195
2682 -0.2495
2683 -0.2627
2684 -0.274
2685 -0.2774
2686 -0.2633
2687 -0.2163
2688 -0.1907
2689 -0.1653
2690 -0.14
2691 -0.0897
2692 -0.0648
2693 -0.0404
2694 0.0073
2695 0.0306
2696 0.0532
2697 0.0967
2698 0.1176
2699 0.1375
2700 0.1752
2701 0.1929
2702 0.2096
2703 0.2253
2704 0.254
2705 0.267
2706 0.2892
2707 0.2987
2708 0.307
2709 0.3202
2710 0.3251
2711 0.3288
2712 0.3314
2713 0.3331
2714 0.3323
2715 0.3303
2716 0.3301
2717 0.3396
2718 0.3531
2719 0.396
2720 0.4164
2721 0.4518
2722 0.4669
2723 0.4802
2724 0.4918
2725 0.5101
2726 0.5167
2727 0.5215
2728 0.5261
2729 0.5258
2730 0.5239
2731 0.515
2732 0.5081
2733 0.4997
2734 0.4783
2735 0.4652
2736 0.4352
2737 0.4182
2738 0.4
2739 0.3806
2740 0.3382
2741 0.3153
2742 0.2916
2743 0.2416
2744 0.2186
2745 0.2001
2746 0.1741
2747 0.1624
2748 0.1503
2749 0.124
2750 0.1098
2751 0.0953
2752 0.0647
2753 0.0487
2754 0.0325
2755 -0.0008
2756 -0.0179
2757 -0.035
2758 -0.0696
2759 -0.0871
2760 -0.1044
2761 -0.1387
2762 -0.1558
2763 -0.1725
2764 -0.2052
2765 -0.2211
2766 -0.2366
2767 -0.2663
2768 -0.2805
2769 -0.2929
2770 -0.2974
2771 -0.2869
2772 -0.2756
2773 -0.2499
2774 -0.2367
2775 -0.2234
2776 -0.1963
2777 -0.1824
2778 -0.1687
2779 -0.141
2780 -0.1271
2781 -0.1134
2782 -0.0998
2783 -0.0728
2784 -0.0595
2785 -0.0465
2786 -0.0213
2787 -0.009
2788 0.0028
2789 0.0254
2790 0.0361
2791 0.0463
2792 0.0653
2793 0.0742
2794 0.09
2795 0.097
2796 0.1034
2797 0.1144
2798 0.1191
2799 0.123
2800 0.1291
2801 0.1312
2802 0.1327
2803 0.1337
2804 0.1332
2805 0.1321
2806 0.1281
2807 0.1252
2808 0.1217
2809 0.1129
2810 0.1077
2811 0.1024
2812 0.1135
2813 0.1036
2814 0.1073
2815 0.1283
2816 0.138
2817 0.1469
2818 0.1623
2819 0.1688
2820 0.1745
2821 0.1794
2822 0.1868
2823 0.1893
2824 0.1909
2825 0.1918
2826 0.1911
2827 0.1872
2828 0.1841
2829 0.1803
2830 0.1703
2831 0.1643
2832 0.1576
2833 0.1422
2834 0.1335
2835 0.1243
2836 0.1145
2837 0.0932
2838 0.082
2839 0.086
2840 0.0814
2841 0.0814
2842 0.0874
2843 0.0936
2844 0.1041
2845 0.1084
2846 0.112
2847 0.1173
2848 0.119
2849 0.1201
2850 0.1202
2851 0.1194
2852 0.1179
2853 0.1132
2854 0.1099
2855 0.1061
2856 0.0967
2857 0.0912
2858 0.0853
2859 0.0788
2860 0.0719
2861 0.0566
2862 0.0483
2863 0.0308
2864 0.0216
2865 0.0121
2866 0.0023
2867 -0.0181
2868 -0.0286
2869 -0.0392
2870 -0.0609
2871 -0.0719
2872 -0.0829
2873 -0.1049
2874 -0.116
2875 -0.1269
2876 -0.1377
2877 -0.159
2878 -0.1695
2879 -0.1796
2880 -0.1993
2881 -0.2088
2882 -0.2179
2883 -0.2268
2884 -0.2352
2885 -0.2512
2886 -0.2581
2887 -0.2648
2888 -0.2621
2889 -0.2543
2890 -0.2438
2891 -0.2331
2892 -0.2221
2893 -0.1997
2894 -0.1882
2895 -0.1767
2896 -0.1535
2897 -0.1417
2898 -0.1301
2899 -0.1185
2900 -0.0954
2901 -0.084
2902 -0.0728
2903 -0.0617
2904 -0.0402
2905 -0.0297
2906 -0.0196
2907 -0.0097
2908 0.0091
2909 0.018
2910 0.0264
2911 0.0345
2912 0.0494
2913 0.0562
2914 0.0625
2915 0.0683
2916 0.0835
2917 0.1577
2918 0.1414
2919 0.1359
2920 0.1504
2921 0.1658
2922 0.1804
2923 0.2069
2924 0.2187
2925 0.2295
2926 0.2393
2927 0.2481
2928 0.2627
2929 0.2684
2930 0.2731
2931 0.2792
2932 0.2807
2933 0.2811
2934 0.2805
2935 0.2762
2936 0.2725
2937 0.2678
2938 0.2622
2939 0.248
2940 0.2396
2941 0.2303
2942 0.2201
2943 0.1973
2944 0.1847
2945 0.1715
2946 0.143
2947 0.1278
2948 0.1121
2949 0.0793
2950 0.0621
2951 0.0447
2952 0.027
2953 -0.0093
2954 -0.0279
2955 -0.0464
2956 -0.065
2957 -0.1023
2958 -0.1211
2959 -0.1395
2960 -0.1759
2961 -0.1938
2962 -0.2112
2963 -0.2451
2964 -0.2616
2965 -0.2773
2966 -0.2926
2967 -0.3074
2968 -0.3353
2969 -0.3484
2970 -0.3606
2971 -0.3722
2972 -0.3931
2973 -0.4025
2974 -0.411
2975 -0.4255
2976 -0.4316
2977 -0.4367
2978 -0.4409
2979 -0.4466
2980 -0.4476
2981 -0.4491
2982 -0.4545
2983 -0.4204
2984 -0.4029
2985 -0.3843
2986 -0.3453
2987 -0.3249
2988 -0.3044
2989 -0.2835
2990 -0.2406
2991 -0.2187
2992 -0.1969
2993 -0.1529
2994 -0.1308
2995 -0.109
2996 -0.0658
2997 -0.0444
2998 -0.0235
2999 0.0174
3000 0.0373
3001 0.0564
3002 0.0751
3003 0.1108
3004 0.1278
3005 0.1438
3006 0.1738
3007 0.1876
3008 0.2005
3009 0.2125
3010 0.2338
3011 0.2432
3012 0.2514
3013 0.2651
3014 0.272
3015 0.2869
3016 0.3028
3017 0.314
3018 0.3258
3019 0.3468
3020 0.3555
3021 0.3627
3022 0.3687
3023 0.3768
3024 0.3789
3025 0.3796
3026 0.3773
3027 0.3742
3028 0.3699
3029 0.3643
3030 0.3496
3031 0.3404
3032 0.3302
3033 0.3189
3034 0.293
3035 0.2785
3036 0.2632
3037 0.2298
3038 0.2118
3039 0.1933
3040 0.174
3041 0.1334
3042 0.1122
3043 0.0908
3044 0.0465
3045 0.0237
3046 0.001
3047 -0.045
3048 -0.0683
3049 -0.0913
3050 -0.1142
3051 -0.1599
3052 -0.1825
3053 -0.2045
3054 -0.2476
3055 -0.2686
3056 -0.2888
3057 -0.3086
3058 -0.3462
3059 -0.3641
3060 -0.381
3061 -0.4126
3062 -0.4272
3063 -0.4407
3064 -0.4533
3065 -0.4754
3066 -0.4835
3067 -0.4893
3068 -0.4919
3069 -0.4901
3070 -0.4854
3071 -0.4794
3072 -0.4726
3073 -0.4563
3074 -0.4468
3075 -0.4257
3076 -0.414
3077 -0.4017
3078 -0.3749
3079 -0.3606
3080 -0.3458
3081 -0.3146
3082 -0.2982
3083 -0.2815
3084 -0.2471
3085 -0.2294
3086 -0.2117
3087 -0.1756
3088 -0.1573
3089 -0.1212
3090 -0.0853
3091 -0.0677
3092 -0.0505
3093 -0.0167
3094 -0.0002
3095 0.0158
3096 0.0465
3097 0.0613
3098 0.0754
3099 0.0889
3100 0.1143
3101 0.1261
3102 0.1371
3103 0.1572
3104 0.1661
3105 0.1742
3106 0.1882
3107 0.194
3108 0.1989
3109 0.2088
3110 0.2105
3111 0.2196
3112 0.2409
3113 0.236
3114 0.2695
3115 0.287
3116 0.3032
3117 0.3318
3118 0.3443
3119 0.3553
3120 0.3734
3121 0.3805
3122 0.3862
3123 0.3935
3124 0.3951
3125 0.3953
3126 0.3918
3127 0.3881
3128 0.3831
3129 0.3693
3130 0.3606
3131 0.3507
3132 0.3274
3133 0.3141
3134 0.2998
3135 0.2683
3136 0.2511
3137 0.2332
3138 0.2144
3139 0.1745
3140 0.1529
3141 0.1316
3142 0.0709
3143 0.0409
3144 0.0109
3145 -0.0495
3146 -0.0799
3147 -0.1098
3148 -0.1395
3149 -0.1984
3150 -0.2275
3151 -0.2831
3152 -0.31
3153 -0.3358
3154 -0.3609
3155 -0.4089
3156 -0.4317
3157 -0.4532
3158 -0.4932
3159 -0.5117
3160 -0.5288
3161 -0.5595
3162 -0.573
3163 -0.5851
3164 -0.6053
3165 -0.6135
3166 -0.6253
3167 -0.6291
3168 -0.6315
3169 -0.6321
3170 -0.6303
3171 -0.6272
3172 -0.6169
3173 -0.6098
3174 -0.6014
3175 -0.581
3176 -0.5689
3177 -0.5412
3178 -0.5224
3179 -0.5045
3180 -0.4441
3181 -0.4108
3182 -0.3771
3183 -0.3066
3184 -0.2707
3185 -0.1995
3186 -0.1639
3187 -0.0944
3188 -0.06
3189 -0.0264
3190 0.0396
3191 0.072
3192 0.1334
3193 0.1628
3194 0.191
3195 0.2446
3196 0.2699
3197 0.3161
3198 0.3373
3199 0.3749
3200 0.3916
3201 0.4066
3202 0.4323
3203 0.443
3204 0.4594
3205 0.4653
3206 0.472
3207 0.473
3208 0.4724
3209 0.4667
3210 0.4615
3211 0.4469
3212 0.4375
3213 0.4267
3214 0.4011
3215 0.3863
3216 0.3535
3217 0.3353
3218 0.2964
3219 0.2755
3220 0.254
3221 0.2316
3222 0.1844
3223 0.1597
3224 0.1095
3225 0.0837
3226 0.0579
3227 0.0053
3228 -0.0213
3229 -0.0478
3230 -0.1007
3231 -0.1272
3232 -0.1785
3233 -0.2036
3234 -0.2281
3235 -0.2521
3236 -0.2982
3237 -0.3188
3238 -0.3523
3239 -0.3655
3240 -0.376
3241 -0.3901
3242 -0.3939
3243 -0.3964
3244 -0.3993
3245 -0.3996
3246 -0.3979
3247 -0.3959
3248 -0.3897
3249 -0.3855
3250 -0.3807
3251 -0.3751
3252 -0.362
3253 -0.3463
